1 5.18471e+21
10 2.3586e+31
20 5.86697e+36
30 6.88038e+39
40 2.58457e+41
50 7.60845e+41
60 2.96009e+41
70 2.14607e+40
80 3.69852e+38
90 1.81681e+36
100 2.92815e+33
110 1.73226e+30
120 3.5489e+26
130 5.73673e+25
140 5.74099e+25
150 5.74099e+25
160 5.74099e+25
170 5.74099e+25
180 5.74099e+25
190 5.74099e+25
200 5.74099e+25
210 5.74099e+25
220 5.74099e+25
230 5.74099e+25
240 5.74099e+25
250 5.74099e+25
260 5.74099e+25
270 5.74099e+25
280 5.74099e+25
290 5.74099e+25
300 5.74099e+25
310 5.74099e+25
320 5.74099e+25
330 5.74099e+25
340 5.74099e+25
350 5.74099e+25
360 5.74099e+25
370 5.74099e+25
380 5.74099e+25
390 5.74099e+25
400 5.74099e+25
410 5.74099e+25
420 5.74099e+25
430 5.74099e+25
440 5.74099e+25
450 5.74099e+25
460 5.74099e+25
470 5.74099e+25
480 5.74099e+25
490 5.74099e+25
500 5.74099e+25
510 5.74099e+25
520 5.74099e+25
530 5.74099e+25
540 5.74099e+25
550 5.74099e+25
560 5.74099e+25
570 5.74099e+25
580 5.74099e+25
590 5.74099e+25
600 5.74099e+25
610 5.74099e+25
620 5.74099e+25
630 5.74099e+25
640 5.74099e+25
650 5.74099e+25
660 5.74099e+25
670 5.74099e+25
680 5.74099e+25
690 5.74099e+25
700 5.74099e+25
710 5.74099e+25
720 5.74099e+25
730 5.74099e+25
740 5.74099e+25
750 5.74099e+25
760 5.74099e+25
770 5.74099e+25
780 5.74099e+25
790 5.74099e+25
800 5.74099e+25
810 5.74099e+25
820 5.74099e+25
830 5.74099e+25
840 5.74099e+25
850 5.74099e+25
860 5.74099e+25
870 5.74099e+25
880 5.74099e+25
890 5.74099e+25
900 5.74099e+25
910 5.74099e+25
920 5.74099e+25
930 5.74099e+25
940 5.74099e+25
950 5.74099e+25
960 5.74099e+25
970 5.74099e+25
980 5.74099e+25
990 5.74099e+25
